----1
cylinder
0.980093 -0.005801 -0.001712
-0.006073 -0.994122 -0.108094
0.003395
162
114 193 230 231 239 308 320 323 373 415 432 437 443 468 476 507 533 561 572 731 804 806 812 831 834 1035 1118 1198 1291 1310 1327 1422 1423 1449 1468 1499 1576 1582 1770 1829 1832 2003 2031 2079 2110 2122 2256 2272 2322 2341 2363 2432 2437 2514 2524 2643 2765 2797 2825 2840 2886 2898 2900 2971 3127 3164 3192 3247 3313 3353 3362 3423 3438 3504 3561 3624 3728 3953 4072 4077 4086 4112 4116 4141 4200 4217 4221 4249 4273 4306 4362 4459 4499 4555 4577 4688 4752 4784 4806 4809 4962 5015 5024 5041 5112 5115 5122 5170 5201 5258 5270 5284 5326 5341 5414 5553 5565 5645 5685 5691 5728 5743 5793 5893 5897 5913 5923 5973 6047 6144 6150 6174 6183 6306 6488 6595 6714 6807 6839 6848 6865 6888 6948 7017 7159 7189 7225 7266 7363 7369 7395 7445 7452 7472 7488 7559 7571 7574 7588 7765 7803 7834 
----2
cylinder
-0.000001 0.001969 -0.000893
-1.000000 -0.000609 -0.000197
0.017457
3802
2 7 10 15 16 17 20 25 26 27 28 31 32 34 36 38 39 40 42 43 47 53 55 57 64 65 66 69 74 78 82 85 87 89 91 92 94 95 97 98 99 101 102 104 106 107 108 109 112 115 117 122 124 125 129 133 137 140 142 143 146 147 148 149 150 152 154 156 157 159 161 162 164 165 166 168 169 170 171 172 173 175 176 178 179 180 187 188 190 192 198 199 200 201 210 211 214 217 218 219 222 224 225 227 228 229 232 234 235 236 238 240 241 244 245 246 247 257 258 263 265 270 272 274 284 286 288 289 293 295 300 302 309 310 312 315 316 318 322 333 334 335 336 337 338 339 340 341 342 343 344 346 347 348 349 350 352 353 355 357 358 359 360 361 362 364 365 368 369 370 372 374 375 377 378 379 380 381 382 383 386 387 388 389 393 394 398 402 403 404 406 410 413 414 416 417 419 420 421 422 425 426 431 436 440 442 444 445 447 449 450 451 454 455 457 458 460 462 466 467 469 472 473 478 479 480 481 482 483 485 487 488 492 494 496 497 498 499 500 504 510 511 512 513 514 519 520 524 527 530 532 535 538 539 540 543 545 546 547 550 554 556 557 558 562 563 565 567 569 571 577 586 588 589 590 596 598 600 602 603 604 605 609 610 612 613 624 626 629 631 636 637 638 639 641 642 643 645 646 647 648 651 652 655 658 659 660 665 666 667 668 670 672 673 677 679 680 683 684 688 690 692 695 697 699 704 705 706 708 709 711 717 719 720 722 723 724 726 733 734 736 740 743 746 750 752 754 755 756 757 758 760 761 764 766 767 773 774 775 776 778 780 782 786 787 788 789 792 793 794 795 796 797 799 800 801 802 808 809 813 814 819 821 825 826 828 836 837 838 839 843 845 847 848 849 850 851 854 855 857 862 863 866 868 869 871 873 874 875 881 882 883 884 886 887 889 895 896 897 899 905 907 910 911 912 913 916 917 919 920 922 924 925 926 927 930 931 936 938 939 947 948 949 953 954 955 959 960 961 962 966 967 968 969 970 972 976 977 978 979 980 982 986 987 989 990 992 993 995 997 998 1001 1003 1004 1006 1008 1011 1013 1015 1017 1018 1019 1020 1021 1023 1024 1025 1026 1027 1028 1030 1032 1038 1043 1044 1045 1047 1048 1049 1051 1052 1055 1057 1059 1069 1070 1071 1072 1073 1074 1077 1078 1080 1082 1083 1084 1086 1088 1089 1090 1091 1092 1095 1099 1102 1103 1108 1114 1115 1117 1120 1121 1123 1124 1126 1128 1131 1134 1139 1141 1142 1145 1148 1149 1150 1153 1155 1161 1162 1166 1168 1169 1175 1177 1178 1182 1184 1185 1188 1190 1191 1193 1199 1200 1205 1207 1209 1212 1213 1214 1215 1217 1218 1224 1226 1227 1228 1230 1232 1233 1235 1236 1238 1239 1243 1244 1250 1252 1255 1256 1258 1259 1261 1263 1264 1265 1266 1269 1270 1271 1273 1274 1275 1276 1277 1280 1281 1282 1283 1285 1286 1287 1288 1290 1294 1295 1296 1297 1300 1302 1303 1304 1305 1306 1307 1308 1309 1312 1316 1323 1324 1325 1329 1330 1331 1332 1336 1339 1343 1345 1346 1347 1352 1353 1354 1355 1357 1359 1360 1361 1362 1367 1369 1372 1374 1375 1376 1377 1378 1380 1382 1385 1387 1388 1389 1394 1395 1396 1399 1403 1406 1407 1408 1409 1410 1413 1414 1415 1418 1419 1420 1421 1425 1427 1432 1434 1435 1436 1438 1440 1444 1447 1448 1450 1452 1454 1458 1459 1460 1461 1464 1465 1466 1469 1471 1472 1473 1474 1476 1477 1479 1480 1481 1483 1484 1485 1487 1488 1491 1492 1493 1494 1496 1497 1501 1502 1503 1508 1509 1512 1515 1516 1517 1518 1519 1523 1524 1525 1527 1528 1532 1533 1534 1535 1536 1537 1542 1543 1546 1549 1550 1551 1552 1553 1555 1556 1559 1561 1565 1567 1568 1570 1572 1574 1578 1579 1580 1583 1584 1585 1586 1588 1589 1590 1591 1592 1594 1598 1599 1601 1603 1607 1608 1609 1610 1614 1615 1621 1625 1627 1630 1631 1644 1645 1647 1648 1649 1655 1657 1660 1661 1663 1665 1666 1667 1668 1669 1670 1671 1672 1674 1677 1679 1684 1686 1687 1688 1690 1698 1702 1703 1710 1713 1718 1719 1720 1721 1722 1728 1730 1731 1733 1735 1737 1738 1741 1743 1744 1746 1747 1749 1750 1751 1752 1755 1759 1762 1763 1769 1771 1776 1777 1780 1781 1782 1783 1785 1787 1789 1791 1796 1797 1798 1800 1802 1803 1805 1806 1810 1812 1819 1820 1821 1824 1825 1831 1833 1834 1835 1836 1841 1842 1845 1846 1848 1855 1860 1861 1864 1868 1874 1879 1880 1883 1887 1888 1894 1895 1899 1903 1908 1910 1911 1912 1913 1916 1920 1922 1925 1927 1928 1929 1930 1931 1933 1935 1938 1939 1940 1941 1942 1943 1944 1945 1946 1947 1948 1949 1950 1951 1953 1954 1955 1958 1959 1963 1964 1965 1966 1968 1972 1979 1980 1981 1982 1983 1984 1985 1986 1989 1990 1996 1998 2002 2006 2007 2008 2010 2011 2012 2013 2016 2017 2019 2021 2024 2026 2027 2030 2032 2034 2037 2041 2042 2045 2046 2050 2051 2053 2055 2059 2061 2063 2064 2067 2068 2069 2070 2072 2073 2074 2075 2077 2078 2080 2082 2086 2087 2088 2089 2091 2098 2100 2102 2105 2109 2111 2113 2115 2118 2119 2123 2124 2125 2126 2127 2131 2133 2135 2137 2138 2140 2141 2143 2149 2151 2152 2153 2155 2156 2157 2158 2161 2162 2164 2167 2172 2173 2174 2175 2177 2179 2183 2185 2186 2189 2190 2193 2195 2196 2198 2199 2200 2201 2207 2209 2212 2220 2222 2223 2225 2226 2227 2228 2229 2232 2233 2235 2236 2239 2242 2245 2246 2247 2251 2252 2253 2258 2260 2261 2262 2266 2267 2270 2271 2273 2274 2276 2277 2280 2281 2282 2283 2284 2287 2289 2290 2292 2293 2294 2296 2297 2298 2299 2300 2309 2311 2312 2313 2314 2315 2316 2317 2323 2324 2326 2328 2335 2336 2339 2340 2343 2344 2347 2350 2351 2353 2355 2356 2357 2358 2361 2362 2364 2365 2367 2368 2371 2372 2373 2376 2379 2381 2382 2384 2387 2388 2389 2393 2394 2395 2397 2398 2402 2403 2406 2407 2409 2411 2412 2413 2415 2416 2418 2419 2420 2422 2423 2424 2425 2428 2430 2433 2435 2436 2438 2440 2443 2444 2445 2448 2449 2450 2453 2458 2460 2461 2463 2465 2468 2469 2470 2472 2473 2474 2475 2480 2482 2485 2486 2490 2496 2497 2500 2501 2502 2503 2504 2505 2509 2510 2511 2516 2517 2518 2519 2521 2527 2529 2531 2532 2535 2536 2537 2538 2540 2543 2544 2545 2546 2547 2549 2551 2552 2554 2555 2559 2560 2563 2566 2569 2570 2571 2573 2574 2575 2581 2582 2583 2587 2590 2592 2594 2595 2596 2598 2600 2604 2605 2606 2607 2610 2612 2614 2617 2618 2620 2623 2628 2631 2633 2634 2636 2637 2638 2639 2640 2644 2645 2646 2655 2656 2657 2661 2663 2665 2666 2667 2668 2671 2673 2676 2677 2678 2680 2687 2688 2694 2696 2698 2699 2701 2702 2703 2704 2706 2711 2713 2715 2716 2718 2720 2722 2724 2727 2728 2730 2732 2733 2734 2736 2737 2738 2739 2744 2746 2747 2751 2752 2754 2758 2760 2762 2763 2764 2769 2773 2774 2776 2777 2779 2780 2782 2785 2786 2790 2792 2793 2795 2796 2798 2799 2802 2805 2812 2819 2820 2822 2823 2829 2830 2831 2834 2835 2837 2841 2845 2846 2849 2850 2851 2855 2860 2864 2867 2868 2869 2870 2871 2873 2874 2876 2877 2887 2889 2892 2893 2899 2904 2908 2911 2913 2914 2916 2920 2923 2926 2927 2928 2929 2930 2931 2932 2933 2934 2935 2939 2940 2942 2943 2945 2946 2947 2949 2950 2952 2953 2955 2956 2957 2961 2962 2963 2964 2966 2969 2970 2975 2976 2977 2978 2979 2980 2983 2984 2988 2990 2991 2992 2993 2994 2997 2999 3000 3002 3004 3005 3008 3009 3011 3012 3013 3015 3016 3017 3025 3029 3031 3032 3033 3034 3035 3036 3037 3040 3041 3043 3044 3047 3049 3051 3052 3053 3057 3058 3060 3062 3066 3067 3071 3072 3074 3079 3081 3082 3084 3092 3093 3095 3096 3101 3102 3103 3104 3106 3110 3115 3119 3121 3122 3124 3128 3131 3132 3133 3134 3137 3139 3140 3144 3145 3146 3148 3149 3150 3151 3152 3153 3157 3158 3159 3160 3161 3162 3165 3166 3167 3168 3169 3170 3171 3172 3176 3177 3178 3180 3189 3193 3194 3195 3197 3198 3199 3200 3204 3206 3208 3209 3212 3214 3217 3218 3220 3222 3224 3225 3228 3230 3231 3232 3233 3234 3240 3241 3242 3243 3244 3245 3246 3248 3249 3250 3252 3254 3255 3257 3258 3259 3262 3264 3265 3266 3268 3269 3271 3272 3273 3274 3275 3277 3280 3282 3284 3286 3288 3292 3293 3294 3296 3297 3298 3301 3304 3305 3306 3307 3308 3309 3310 3311 3315 3316 3317 3318 3321 3325 3326 3327 3329 3330 3334 3338 3340 3344 3345 3346 3347 3348 3350 3351 3352 3356 3357 3358 3360 3361 3363 3367 3370 3371 3372 3373 3376 3377 3378 3379 3381 3382 3385 3388 3392 3394 3396 3400 3403 3404 3405 3406 3409 3412 3414 3415 3418 3419 3421 3424 3425 3426 3428 3433 3437 3440 3442 3444 3445 3447 3449 3450 3452 3460 3465 3466 3467 3468 3469 3470 3471 3475 3476 3477 3478 3480 3481 3482 3483 3484 3485 3486 3488 3490 3492 3493 3499 3500 3502 3503 3505 3507 3510 3511 3512 3514 3515 3516 3518 3519 3520 3522 3524 3529 3534 3536 3537 3542 3543 3545 3548 3550 3552 3553 3555 3556 3559 3560 3565 3566 3567 3568 3570 3572 3574 3575 3576 3577 3578 3582 3587 3592 3593 3594 3599 3601 3602 3604 3605 3606 3607 3609 3613 3614 3616 3619 3620 3621 3626 3629 3630 3631 3635 3636 3637 3638 3639 3641 3642 3644 3645 3646 3647 3649 3650 3651 3654 3657 3658 3659 3660 3662 3663 3665 3666 3667 3668 3670 3672 3673 3676 3677 3678 3679 3680 3681 3684 3686 3687 3688 3691 3693 3695 3697 3699 3700 3705 3707 3709 3713 3717 3718 3719 3720 3721 3723 3724 3725 3729 3730 3731 3733 3735 3736 3737 3739 3740 3744 3746 3747 3749 3755 3756 3757 3758 3759 3760 3765 3766 3767 3772 3773 3775 3776 3780 3783 3784 3785 3791 3792 3793 3796 3797 3799 3800 3801 3803 3804 3805 3808 3812 3814 3815 3820 3822 3823 3825 3827 3831 3832 3835 3837 3842 3849 3850 3853 3854 3859 3861 3862 3863 3864 3865 3866 3868 3872 3873 3876 3882 3883 3884 3886 3887 3892 3893 3894 3901 3904 3905 3906 3907 3909 3911 3912 3913 3914 3915 3917 3919 3922 3925 3927 3928 3929 3931 3932 3934 3936 3937 3943 3944 3949 3950 3952 3955 3961 3962 3963 3965 3968 3969 3971 3972 3975 3976 3977 3978 3979 3980 3985 3986 3987 3988 3992 3993 3995 3999 4000 4002 4008 4010 4012 4015 4016 4017 4018 4019 4020 4021 4023 4024 4025 4027 4028 4029 4042 4046 4047 4049 4054 4058 4060 4062 4064 4066 4067 4068 4069 4070 4073 4074 4075 4078 4079 4080 4084 4088 4090 4093 4097 4098 4101 4104 4105 4107 4108 4109 4111 4117 4118 4119 4123 4125 4127 4128 4132 4133 4134 4136 4137 4138 4140 4146 4147 4148 4149 4152 4153 4156 4157 4159 4161 4162 4163 4166 4167 4170 4177 4178 4179 4181 4184 4185 4190 4192 4195 4196 4197 4198 4203 4204 4205 4206 4207 4210 4212 4213 4220 4226 4229 4230 4231 4237 4238 4239 4241 4243 4245 4246 4248 4253 4254 4255 4260 4262 4263 4266 4267 4272 4276 4277 4279 4284 4288 4290 4292 4293 4294 4295 4297 4298 4299 4302 4308 4309 4314 4315 4316 4317 4321 4322 4327 4334 4335 4338 4339 4340 4341 4345 4347 4348 4351 4354 4355 4357 4360 4363 4364 4365 4366 4369 4370 4372 4374 4375 4378 4382 4383 4387 4390 4391 4396 4399 4403 4404 4405 4406 4407 4409 4411 4412 4413 4415 4421 4423 4427 4429 4431 4432 4434 4436 4437 4440 4442 4444 4446 4447 4448 4451 4452 4458 4460 4461 4462 4464 4468 4470 4471 4476 4478 4480 4487 4491 4494 4495 4500 4503 4504 4505 4508 4509 4510 4514 4515 4518 4521 4522 4524 4528 4530 4533 4537 4539 4541 4544 4546 4548 4549 4550 4551 4552 4556 4558 4561 4562 4563 4564 4567 4571 4573 4574 4575 4578 4579 4581 4583 4584 4585 4587 4589 4594 4596 4599 4602 4604 4607 4610 4611 4615 4616 4617 4618 4620 4622 4624 4629 4631 4633 4637 4641 4642 4644 4646 4647 4650 4652 4653 4654 4656 4663 4664 4665 4666 4668 4669 4672 4673 4675 4678 4679 4680 4681 4682 4683 4684 4687 4692 4693 4694 4697 4698 4700 4701 4704 4706 4707 4708 4710 4712 4713 4714 4716 4723 4724 4726 4729 4730 4731 4733 4734 4740 4741 4745 4749 4753 4754 4756 4757 4760 4761 4767 4769 4770 4774 4775 4776 4779 4781 4782 4783 4788 4790 4791 4795 4796 4798 4800 4802 4803 4805 4811 4818 4826 4828 4830 4832 4837 4839 4841 4842 4844 4845 4847 4849 4850 4851 4853 4855 4858 4864 4866 4868 4869 4870 4874 4875 4876 4879 4881 4882 4883 4884 4885 4888 4890 4891 4893 4897 4898 4901 4902 4903 4906 4909 4910 4911 4913 4915 4917 4918 4919 4920 4921 4922 4924 4925 4926 4930 4932 4937 4938 4939 4943 4947 4951 4952 4953 4957 4958 4959 4963 4966 4967 4971 4972 4973 4977 4982 4984 4986 4988 4989 4990 4991 4994 4995 4996 4997 4998 5002 5004 5006 5008 5009 5012 5016 5017 5018 5020 5022 5023 5025 5029 5032 5034 5036 5037 5038 5039 5040 5042 5043 5045 5046 5048 5049 5055 5056 5057 5059 5063 5064 5065 5066 5067 5068 5070 5071 5073 5077 5078 5079 5084 5085 5089 5092 5093 5094 5098 5099 5100 5103 5105 5106 5110 5111 5113 5114 5116 5125 5127 5129 5132 5135 5136 5138 5139 5141 5145 5146 5147 5148 5150 5154 5155 5156 5158 5160 5161 5162 5163 5166 5169 5172 5174 5175 5176 5177 5178 5192 5196 5197 5199 5209 5211 5212 5213 5214 5222 5224 5226 5228 5229 5230 5233 5236 5237 5239 5240 5242 5244 5245 5246 5250 5251 5252 5253 5257 5263 5264 5266 5268 5269 5271 5273 5274 5283 5285 5287 5290 5295 5296 5299 5300 5302 5303 5304 5305 5306 5307 5308 5310 5312 5314 5315 5316 5317 5318 5323 5324 5325 5327 5328 5329 5330 5331 5332 5333 5334 5337 5338 5339 5340 5344 5345 5347 5348 5352 5353 5355 5359 5361 5362 5368 5374 5377 5380 5384 5386 5392 5394 5395 5397 5400 5401 5404 5406 5413 5415 5423 5426 5428 5429 5431 5432 5433 5434 5437 5441 5444 5445 5448 5450 5453 5454 5455 5457 5458 5459 5462 5465 5466 5473 5479 5480 5481 5485 5491 5495 5499 5501 5503 5505 5507 5508 5511 5513 5514 5515 5516 5518 5519 5521 5522 5523 5532 5533 5535 5536 5539 5544 5545 5550 5551 5556 5557 5559 5560 5561 5562 5563 5564 5566 5568 5570 5571 5583 5584 5585 5589 5590 5592 5595 5596 5597 5599 5602 5603 5606 5607 5608 5609 5610 5612 5613 5618 5623 5625 5626 5627 5629 5631 5633 5634 5635 5636 5638 5640 5642 5643 5646 5648 5649 5653 5655 5656 5657 5658 5659 5660 5661 5666 5667 5670 5671 5673 5675 5680 5682 5683 5684 5687 5688 5689 5690 5699 5701 5702 5703 5707 5709 5711 5712 5713 5714 5715 5716 5718 5719 5720 5721 5722 5725 5727 5739 5740 5746 5747 5748 5751 5754 5757 5762 5763 5764 5765 5766 5769 5771 5773 5774 5776 5780 5781 5783 5788 5789 5790 5794 5795 5796 5801 5802 5803 5804 5806 5807 5809 5810 5811 5813 5814 5816 5821 5825 5827 5830 5832 5835 5836 5838 5842 5843 5844 5845 5846 5851 5852 5856 5858 5859 5860 5862 5863 5864 5865 5866 5868 5869 5870 5872 5873 5874 5876 5879 5880 5881 5882 5886 5887 5890 5891 5894 5899 5900 5902 5903 5905 5906 5910 5911 5912 5914 5915 5918 5920 5926 5928 5932 5934 5935 5938 5939 5940 5942 5945 5946 5949 5955 5957 5960 5961 5962 5964 5966 5967 5968 5969 5970 5971 5972 5974 5976 5980 5984 5986 5990 5991 5992 5994 5995 5996 5998 6001 6004 6006 6008 6009 6011 6013 6014 6015 6016 6020 6021 6025 6026 6027 6028 6030 6031 6032 6033 6035 6036 6041 6042 6043 6045 6049 6053 6055 6059 6060 6065 6068 6069 6072 6074 6075 6077 6079 6082 6083 6084 6088 6091 6093 6096 6098 6101 6103 6105 6108 6113 6114 6115 6116 6117 6121 6122 6123 6125 6127 6129 6130 6131 6133 6136 6139 6140 6143 6145 6146 6148 6154 6155 6156 6157 6158 6159 6161 6164 6168 6169 6173 6175 6176 6179 6180 6182 6184 6185 6186 6187 6190 6192 6194 6202 6206 6208 6209 6211 6213 6215 6219 6225 6226 6230 6231 6234 6235 6237 6238 6241 6251 6253 6257 6258 6259 6262 6263 6267 6269 6270 6272 6273 6274 6275 6278 6279 6281 6282 6283 6284 6285 6286 6288 6289 6290 6292 6297 6298 6300 6303 6304 6305 6308 6310 6311 6313 6315 6318 6319 6320 6321 6322 6323 6324 6326 6327 6332 6333 6334 6335 6338 6339 6343 6348 6353 6354 6356 6357 6358 6361 6363 6366 6367 6370 6372 6373 6376 6377 6381 6382 6384 6386 6391 6394 6397 6399 6400 6401 6402 6403 6405 6409 6411 6412 6417 6418 6421 6423 6426 6427 6429 6430 6432 6435 6436 6437 6440 6444 6445 6446 6447 6449 6450 6455 6456 6457 6460 6461 6462 6463 6465 6466 6467 6470 6472 6474 6477 6480 6481 6484 6486 6487 6489 6490 6491 6493 6494 6495 6498 6501 6506 6511 6513 6515 6516 6518 6521 6522 6526 6529 6532 6533 6534 6538 6544 6545 6547 6549 6552 6553 6554 6555 6556 6560 6563 6564 6565 6568 6569 6570 6571 6572 6573 6575 6584 6585 6586 6590 6591 6594 6596 6597 6598 6599 6602 6603 6609 6610 6616 6619 6620 6622 6623 6626 6628 6629 6631 6633 6634 6635 6636 6642 6645 6646 6648 6649 6651 6653 6656 6657 6658 6661 6665 6666 6668 6669 6670 6672 6677 6678 6679 6680 6682 6683 6684 6685 6689 6690 6691 6693 6699 6703 6705 6706 6707 6708 6710 6713 6719 6722 6725 6729 6733 6736 6737 6739 6740 6741 6743 6744 6745 6749 6753 6754 6755 6761 6763 6766 6768 6769 6773 6774 6775 6777 6780 6782 6783 6784 6786 6787 6789 6790 6791 6794 6795 6799 6801 6804 6805 6806 6808 6809 6810 6814 6817 6818 6819 6820 6824 6828 6830 6831 6832 6834 6835 6836 6837 6841 6842 6843 6850 6853 6854 6856 6857 6858 6859 6861 6862 6867 6868 6869 6871 6872 6873 6874 6876 6878 6880 6884 6885 6886 6889 6892 6893 6896 6905 6908 6911 6914 6915 6916 6919 6921 6924 6927 6931 6933 6934 6937 6938 6939 6942 6944 6949 6954 6955 6956 6957 6958 6959 6967 6969 6971 6972 6975 6976 6979 6980 6981 6986 6988 6990 6991 6992 6993 6995 6996 6997 7000 7001 7002 7005 7007 7008 7011 7012 7016 7018 7021 7023 7024 7028 7029 7031 7034 7037 7039 7045 7047 7048 7050 7053 7056 7059 7061 7064 7065 7066 7067 7068 7070 7071 7074 7075 7076 7081 7082 7083 7086 7090 7094 7095 7097 7098 7100 7103 7105 7107 7109 7113 7117 7118 7119 7121 7123 7124 7127 7128 7129 7131 7132 7136 7137 7138 7139 7140 7143 7145 7146 7147 7148 7149 7150 7152 7153 7161 7162 7169 7170 7171 7173 7175 7176 7178 7180 7181 7197 7198 7199 7201 7202 7203 7204 7206 7207 7212 7214 7217 7218 7219 7223 7226 7229 7230 7232 7237 7241 7242 7247 7249 7250 7251 7252 7253 7254 7256 7262 7265 7269 7271 7272 7273 7277 7278 7280 7282 7283 7285 7286 7287 7288 7292 7293 7294 7295 7299 7303 7304 7308 7309 7310 7311 7312 7317 7318 7320 7323 7324 7325 7326 7327 7328 7332 7333 7334 7335 7337 7338 7340 7342 7343 7348 7350 7351 7352 7353 7354 7355 7356 7357 7358 7360 7361 7364 7365 7368 7370 7374 7382 7383 7385 7386 7387 7388 7390 7398 7403 7404 7406 7407 7408 7410 7411 7417 7419 7420 7423 7424 7427 7430 7431 7433 7434 7435 7437 7438 7439 7440 7442 7443 7444 7446 7450 7451 7455 7456 7457 7460 7461 7465 7466 7467 7470 7476 7478 7479 7480 7481 7483 7484 7489 7491 7492 7493 7501 7502 7503 7504 7505 7507 7508 7509 7510 7511 7515 7516 7517 7520 7521 7524 7526 7529 7530 7531 7533 7535 7536 7538 7542 7544 7547 7549 7552 7553 7554 7555 7556 7557 7560 7563 7565 7566 7567 7573 7575 7576 7577 7581 7583 7587 7591 7592 7593 7595 7596 7597 7600 7602 7605 7608 7610 7611 7612 7613 7617 7620 7624 7628 7629 7633 7635 7636 7637 7639 7642 7643 7644 7647 7650 7651 7653 7654 7656 7657 7660 7661 7663 7664 7665 7666 7667 7670 7671 7673 7674 7676 7678 7681 7682 7683 7687 7688 7691 7693 7694 7695 7696 7697 7698 7700 7701 7704 7705 7707 7708 7709 7710 7711 7712 7713 7714 7715 7718 7719 7720 7721 7722 7723 7724 7728 7732 7734 7737 7739 7742 7744 7747 7750 7751 7752 7753 7755 7757 7758 7759 7762 7767 7770 7771 7779 7780 7781 7783 7784 7787 7788 7789 7791 7800 7801 7804 7805 7808 7809 7815 7817 7818 7819 7820 7821 7823 7826 7827 7828 7829 7831 7833 7835 7836 7839 7840 7841 7844 7846 7847 7848 7850 7852 7853 7854 7855 7856 7857 7860 7865 7866 7867 7868 7869 7870 7872 7878 7879 7881 7882 7883 7884 7888 7889 7890 7891 7892 7893 7894 7900 7901 7902 7904 7906 7907 7908 7909 7911 7912 7915 7918 7919 7920 7921 7922 
----3
cylinder
0.930773 0.073636 0.036661
0.087838 -0.919354 -0.383501
0.010673
55
6 191 249 292 329 575 770 771 803 994 1766 1788 1804 1973 2056 2139 2187 2244 2263 2305 2331 2392 2513 2533 2996 3030 3320 3342 3846 4174 4418 4507 4736 4799 4872 4948 5014 5072 5104 5200 5320 5492 5654 5706 5732 5758 6178 6201 6592 7026 7281 7296 7300 7378 7570 
----4
cylinder
-0.583706 0.001054 -0.009865
0.006552 0.958429 -0.285257
0.019473
687
1 19 41 46 48 49 61 67 70 76 79 84 103 126 130 203 207 233 248 252 254 256 262 268 273 280 287 290 291 294 296 298 301 305 321 324 327 384 395 396 401 409 411 429 438 446 448 453 456 470 471 484 505 508 509 515 516 536 570 573 574 584 585 611 615 625 628 634 644 649 654 675 686 718 727 728 739 763 765 784 841 856 858 859 890 892 894 906 915 944 950 951 952 971 985 988 1009 1010 1036 1041 1054 1060 1066 1101 1174 1183 1196 1201 1222 1247 1249 1267 1289 1299 1301 1314 1317 1363 1384 1392 1417 1442 1443 1455 1456 1511 1530 1539 1541 1544 1547 1548 1554 1558 1560 1571 1575 1613 1628 1629 1632 1633 1638 1639 1641 1643 1652 1678 1680 1707 1709 1712 1716 1725 1727 1754 1790 1793 1809 1811 1813 1823 1840 1849 1850 1854 1856 1909 1914 1987 1991 1992 1994 1995 1999 2009 2022 2025 2043 2062 2071 2085 2092 2093 2094 2097 2106 2116 2120 2129 2160 2165 2169 2204 2208 2221 2224 2230 2286 2303 2320 2327 2330 2342 2348 2366 2370 2375 2442 2446 2454 2483 2484 2498 2528 2553 2567 2568 2579 2584 2593 2602 2608 2619 2629 2648 2652 2654 2662 2672 2685 2709 2712 2726 2729 2753 2755 2772 2800 2803 2804 2811 2814 2815 2828 2833 2836 2842 2843 2857 2866 2882 2885 2891 2894 2897 2902 2915 2919 2924 2936 2959 2968 3021 3023 3070 3100 3111 3126 3130 3143 3174 3179 3183 3187 3188 3190 3201 3202 3211 3227 3260 3278 3299 3335 3336 3337 3368 3380 3390 3402 3455 3459 3489 3494 3501 3513 3517 3521 3528 3539 3544 3558 3562 3569 3600 3603 3608 3611 3633 3643 3682 3683 3690 3703 3704 3722 3754 3764 3768 3774 3824 3840 3844 3845 3877 3880 3885 3889 3897 3910 3926 3939 3941 3942 3964 3970 3973 3982 3997 4003 4011 4030 4035 4036 4043 4053 4056 4061 4065 4106 4110 4122 4131 4164 4165 4169 4175 4183 4187 4191 4194 4211 4218 4219 4228 4250 4269 4275 4287 4343 4349 4352 4359 4379 4388 4394 4401 4422 4428 4453 4465 4467 4477 4490 4493 4519 4523 4527 4531 4601 4606 4608 4609 4613 4614 4621 4626 4628 4638 4661 4667 4671 4677 4686 4689 4696 4717 4718 4722 4751 4755 4764 4768 4793 4801 4816 4823 4831 4838 4854 4860 4862 4863 4867 4871 4880 4892 4907 4908 4912 4916 4927 4928 4929 4933 4940 4954 4961 4974 4981 4983 4992 5028 5050 5074 5075 5086 5087 5091 5124 5126 5128 5143 5157 5179 5181 5185 5190 5202 5219 5220 5223 5225 5235 5238 5249 5294 5311 5319 5346 5349 5369 5373 5375 5376 5381 5385 5388 5391 5398 5407 5418 5425 5427 5430 5440 5469 5472 5476 5490 5497 5530 5534 5537 5538 5540 5549 5554 5574 5581 5598 5600 5604 5624 5641 5664 5674 5676 5677 5681 5692 5694 5710 5717 5737 5753 5756 5777 5779 5786 5787 5815 5840 5847 5885 5892 5925 5937 5943 5944 5951 5952 5954 5979 6005 6010 6012 6046 6050 6051 6064 6097 6128 6132 6147 6162 6165 6191 6198 6207 6214 6218 6222 6227 6228 6232 6243 6260 6265 6277 6294 6299 6325 6328 6350 6362 6374 6385 6387 6396 6404 6408 6428 6443 6454 6459 6471 6478 6483 6485 6499 6500 6508 6525 6574 6587 6621 6624 6630 6662 6664 6671 6674 6681 6688 6697 6698 6701 6715 6720 6727 6751 6757 6765 6785 6793 6803 6825 6833 6844 6847 6875 6879 6881 6890 6891 6894 6898 6899 6903 6947 6952 6973 6982 6984 7009 7025 7030 7044 7052 7055 7063 7073 7077 7108 7115 7130 7133 7141 7158 7164 7186 7191 7193 7213 7220 7222 7245 7261 7274 7313 7329 7366 7377 7389 7396 7397 7412 7414 7432 7458 7464 7485 7490 7495 7558 7561 7568 7572 7589 7601 7609 7655 7702 7706 7717 7736 7760 7790 7810 7811 7816 7858 7864 7880 7923 
----5
cylinder
-0.580880 0.004728 -0.000590
-0.008009 -0.995633 -0.093014
0.029655
1099
0 3 4 8 14 18 37 50 51 62 71 75 81 83 86 93 96 100 105 113 116 118 120 134 155 160 163 181 185 196 197 209 215 216 220 237 242 250 251 255 260 278 281 304 311 313 317 332 351 376 385 392 397 400 405 418 430 435 439 441 463 486 489 495 506 523 529 553 560 564 566 579 581 583 591 607 608 630 633 657 671 681 685 698 701 703 713 714 725 735 741 742 744 747 751 781 783 790 798 811 817 824 832 844 852 860 865 879 880 885 888 900 901 904 914 918 941 946 957 958 963 975 983 984 991 999 1000 1005 1016 1034 1037 1039 1040 1056 1061 1064 1065 1068 1085 1109 1110 1125 1127 1129 1132 1135 1136 1143 1144 1151 1154 1159 1170 1172 1176 1179 1186 1187 1189 1194 1202 1203 1204 1210 1211 1221 1234 1241 1251 1257 1262 1292 1293 1318 1322 1326 1328 1337 1338 1342 1350 1356 1370 1373 1386 1398 1401 1402 1411 1412 1424 1441 1446 1462 1463 1467 1482 1506 1507 1510 1526 1529 1531 1540 1557 1564 1569 1581 1593 1600 1605 1612 1617 1634 1636 1640 1642 1651 1653 1664 1673 1675 1683 1692 1693 1694 1715 1717 1736 1740 1753 1757 1775 1784 1799 1814 1815 1817 1822 1826 1837 1838 1839 1843 1858 1859 1862 1866 1873 1876 1882 1886 1892 1901 1902 1904 1905 1915 1934 1952 1956 1961 1962 1967 1969 1970 1974 1975 1976 1988 1997 2001 2038 2040 2044 2047 2052 2058 2081 2084 2090 2101 2103 2104 2128 2142 2145 2147 2154 2159 2163 2166 2171 2202 2203 2217 2219 2237 2240 2248 2265 2288 2301 2302 2304 2310 2345 2349 2374 2386 2390 2399 2400 2410 2414 2421 2426 2427 2429 2431 2439 2441 2451 2456 2459 2467 2478 2479 2481 2487 2492 2495 2512 2515 2520 2522 2523 2534 2550 2556 2557 2561 2565 2572 2585 2586 2588 2603 2611 2621 2627 2630 2632 2664 2670 2675 2689 2690 2691 2695 2697 2708 2714 2735 2740 2743 2748 2749 2757 2771 2788 2789 2806 2813 2817 2818 2821 2832 2839 2848 2852 2853 2854 2858 2859 2878 2883 2884 2888 2896 2905 2906 2909 2910 2918 2925 2938 2941 2948 2974 2985 2986 3018 3019 3024 3026 3039 3045 3046 3059 3068 3073 3076 3078 3080 3083 3085 3087 3089 3090 3091 3094 3098 3109 3117 3120 3125 3135 3141 3155 3163 3182 3191 3203 3235 3236 3238 3253 3256 3267 3276 3281 3283 3289 3290 3291 3303 3319 3331 3332 3333 3364 3369 3383 3386 3391 3393 3395 3407 3408 3413 3431 3443 3463 3495 3497 3498 3530 3535 3549 3563 3564 3579 3584 3585 3588 3612 3617 3623 3627 3628 3632 3640 3655 3656 3675 3689 3692 3696 3698 3701 3711 3712 3714 3715 3716 3745 3751 3753 3763 3782 3786 3798 3806 3813 3818 3826 3828 3833 3841 3857 3858 3870 3874 3878 3881 3891 3895 3898 3899 3908 3933 3940 3951 3960 3967 3983 3990 3991 3994 4006 4007 4014 4022 4026 4033 4038 4045 4057 4059 4082 4085 4099 4102 4103 4115 4124 4129 4135 4142 4143 4150 4154 4182 4186 4188 4208 4209 4227 4232 4235 4244 4247 4256 4259 4264 4265 4274 4278 4280 4283 4289 4291 4300 4305 4307 4310 4330 4337 4342 4344 4350 4353 4368 4380 4384 4385 4389 4392 4395 4402 4414 4433 4438 4445 4450 4454 4455 4456 4473 4483 4485 4492 4498 4512 4534 4535 4540 4545 4553 4554 4559 4565 4568 4576 4595 4600 4605 4632 4635 4636 4643 4645 4649 4655 4657 4676 4685 4695 4715 4721 4732 4737 4738 4742 4743 4766 4773 4786 4787 4804 4807 4810 4813 4827 4829 4833 4836 4840 4843 4848 4859 4873 4887 4895 4896 4899 4914 4923 4934 4936 4944 4956 4965 4968 4969 4976 4978 4985 4993 5001 5005 5011 5013 5021 5026 5030 5031 5035 5051 5052 5054 5058 5060 5083 5107 5108 5117 5121 5144 5149 5151 5152 5164 5165 5168 5171 5173 5180 5182 5183 5184 5188 5189 5195 5207 5210 5216 5217 5227 5231 5232 5255 5275 5278 5280 5313 5336 5363 5364 5365 5366 5371 5372 5379 5396 5402 5412 5417 5419 5422 5435 5442 5443 5460 5463 5464 5468 5471 5474 5482 5483 5487 5489 5493 5496 5509 5510 5512 5517 5525 5526 5528 5541 5543 5546 5547 5548 5555 5558 5567 5573 5575 5576 5579 5586 5591 5594 5605 5616 5617 5619 5620 5622 5630 5632 5639 5650 5668 5672 5695 5698 5723 5729 5730 5734 5735 5742 5759 5760 5767 5817 5818 5819 5820 5822 5828 5829 5831 5834 5839 5841 5850 5855 5867 5875 5878 5889 5895 5898 5901 5908 5921 5922 5927 5929 5933 5936 5948 5956 5963 5975 5981 5983 5997 5999 6000 6002 6007 6023 6029 6037 6038 6039 6040 6052 6061 6070 6085 6087 6102 6106 6107 6109 6110 6118 6126 6135 6137 6138 6141 6149 6153 6163 6166 6167 6188 6193 6197 6212 6220 6221 6233 6239 6240 6250 6255 6268 6276 6280 6287 6291 6301 6309 6312 6314 6316 6329 6345 6347 6349 6351 6360 6368 6369 6375 6378 6383 6390 6398 6410 6413 6416 6419 6422 6439 6441 6442 6452 6453 6458 6468 6473 6482 6503 6514 6517 6537 6539 6540 6546 6550 6558 6562 6577 6582 6588 6593 6600 6604 6607 6608 6613 6632 6637 6640 6643 6644 6647 6650 6654 6663 6694 6696 6712 6724 6728 6731 6735 6747 6758 6759 6762 6767 6771 6772 6776 6779 6796 6797 6802 6816 6838 6840 6845 6846 6852 6864 6902 6906 6910 6923 6925 6930 6932 6935 6943 6945 6946 6953 6962 6963 6965 6974 6978 6983 6985 6989 6999 7003 7013 7019 7027 7033 7035 7041 7046 7054 7058 7078 7079 7080 7089 7091 7093 7101 7102 7111 7112 7120 7126 7142 7156 7179 7184 7187 7188 7192 7195 7196 7210 7211 7216 7221 7234 7235 7236 7240 7246 7258 7264 7267 7268 7270 7275 7290 7302 7305 7322 7339 7349 7376 7379 7380 7399 7415 7416 7418 7428 7494 7497 7498 7499 7500 7506 7513 7523 7532 7537 7541 7548 7550 7564 7579 7580 7594 7599 7614 7615 7616 7631 7632 7638 7640 7645 7646 7649 7658 7672 7686 7690 7703 7716 7727 7730 7733 7740 7761 7766 7768 7773 7775 7776 7785 7792 7797 7822 7824 7842 7845 7851 7861 7871 7876 7885 7896 7898 7899 7914 
----6
cylinder
-0.000012 0.003682 0.000098
-0.999993 -0.003244 -0.002062
0.013571
1687
5 9 11 12 13 22 24 29 33 35 44 45 52 54 56 58 60 63 68 72 73 77 80 88 90 110 119 128 131 132 136 138 141 144 145 151 153 158 167 174 177 182 183 184 186 189 194 202 205 206 208 212 213 223 226 243 259 261 264 266 269 271 275 276 279 282 283 285 297 303 306 307 314 319 325 326 330 331 356 366 371 390 391 399 407 408 412 423 434 452 459 461 464 465 474 475 477 491 501 502 503 518 521 522 525 526 528 534 537 541 542 544 548 549 551 552 555 559 568 576 578 580 582 587 592 593 594 595 597 599 601 606 614 616 618 619 621 623 627 632 635 640 653 661 662 663 664 669 674 676 678 682 687 689 691 693 694 696 702 707 710 712 715 716 730 732 737 738 745 748 749 753 762 772 777 779 785 791 807 815 816 818 820 822 823 827 829 830 835 840 842 853 861 864 867 872 876 877 878 891 893 898 902 908 909 921 923 932 933 934 935 937 940 942 943 945 956 964 973 974 981 996 1007 1012 1022 1029 1031 1033 1042 1046 1058 1062 1067 1075 1076 1079 1081 1093 1094 1097 1098 1100 1104 1105 1106 1107 1111 1112 1116 1119 1122 1133 1137 1138 1140 1147 1156 1157 1160 1164 1167 1173 1180 1181 1192 1195 1197 1206 1208 1216 1219 1220 1225 1229 1237 1240 1242 1245 1246 1248 1253 1254 1268 1272 1278 1284 1311 1313 1315 1319 1320 1321 1333 1334 1335 1340 1341 1344 1348 1351 1358 1364 1365 1366 1368 1381 1383 1391 1393 1397 1400 1404 1405 1416 1428 1429 1430 1431 1445 1451 1453 1457 1470 1475 1478 1486 1489 1490 1495 1498 1500 1505 1513 1514 1521 1522 1538 1545 1562 1566 1573 1577 1595 1596 1597 1602 1604 1606 1616 1618 1619 1620 1622 1623 1624 1626 1635 1646 1654 1656 1658 1659 1662 1676 1682 1685 1689 1695 1696 1697 1699 1700 1701 1704 1706 1711 1723 1724 1726 1729 1732 1734 1739 1742 1748 1758 1760 1761 1764 1765 1768 1772 1773 1778 1779 1786 1792 1794 1795 1801 1818 1827 1828 1851 1852 1853 1857 1863 1865 1867 1869 1870 1872 1875 1881 1884 1889 1891 1897 1898 1900 1907 1918 1919 1921 1924 1926 1932 1936 1937 1957 1971 1977 1978 2000 2004 2015 2020 2028 2029 2035 2036 2039 2048 2049 2054 2065 2066 2076 2083 2095 2096 2099 2107 2112 2114 2117 2130 2132 2134 2136 2146 2150 2168 2176 2178 2180 2181 2182 2184 2188 2191 2192 2194 2197 2205 2206 2210 2211 2213 2214 2215 2216 2218 2231 2238 2243 2249 2250 2255 2257 2259 2264 2268 2269 2275 2278 2285 2291 2295 2306 2307 2308 2318 2321 2325 2329 2333 2334 2338 2346 2352 2354 2359 2360 2369 2377 2378 2380 2383 2391 2396 2401 2404 2405 2408 2417 2434 2447 2452 2455 2457 2462 2464 2466 2476 2477 2488 2489 2491 2493 2494 2499 2506 2507 2508 2525 2526 2530 2539 2541 2542 2548 2558 2562 2576 2578 2580 2589 2591 2601 2609 2613 2616 2622 2625 2626 2635 2641 2647 2649 2650 2653 2658 2659 2660 2669 2674 2679 2681 2682 2683 2684 2686 2692 2693 2700 2705 2707 2710 2719 2721 2723 2731 2741 2742 2745 2750 2756 2759 2761 2766 2767 2768 2770 2778 2781 2784 2787 2791 2794 2801 2808 2809 2810 2816 2824 2826 2827 2838 2844 2847 2856 2861 2863 2872 2875 2880 2881 2890 2895 2903 2907 2912 2917 2921 2922 2937 2944 2951 2954 2958 2960 2965 2967 2972 2973 2981 2982 2987 2989 2995 3001 3003 3006 3007 3010 3014 3022 3028 3038 3042 3048 3054 3055 3056 3061 3063 3065 3075 3077 3086 3088 3097 3099 3105 3112 3113 3116 3118 3123 3129 3138 3142 3147 3154 3156 3173 3175 3184 3185 3186 3196 3205 3207 3210 3216 3219 3221 3223 3226 3229 3237 3251 3261 3263 3270 3279 3287 3295 3302 3314 3323 3324 3328 3339 3341 3343 3349 3354 3359 3366 3374 3375 3384 3389 3397 3398 3399 3401 3410 3411 3416 3417 3420 3422 3427 3429 3430 3434 3436 3439 3441 3446 3448 3451 3454 3456 3461 3464 3472 3474 3479 3496 3506 3508 3509 3523 3525 3526 3527 3531 3532 3533 3538 3540 3546 3547 3551 3554 3571 3573 3580 3581 3586 3589 3590 3596 3597 3598 3610 3615 3618 3622 3625 3634 3648 3652 3653 3661 3664 3671 3674 3694 3706 3708 3732 3734 3738 3750 3761 3770 3777 3779 3789 3790 3794 3802 3807 3810 3811 3817 3819 3821 3829 3830 3838 3839 3843 3847 3851 3852 3855 3856 3860 3867 3875 3879 3888 3890 3902 3903 3918 3921 3938 3945 3947 3948 3957 3959 3966 3984 3989 3996 3998 4001 4009 4013 4031 4032 4034 4037 4040 4041 4044 4048 4050 4051 4052 4055 4076 4083 4091 4092 4094 4095 4096 4114 4120 4121 4126 4130 4139 4144 4145 4151 4155 4158 4160 4168 4171 4173 4176 4180 4189 4193 4199 4202 4214 4215 4216 4222 4223 4224 4225 4233 4234 4236 4242 4251 4257 4258 4268 4270 4271 4281 4282 4286 4296 4303 4304 4311 4312 4313 4318 4319 4320 4323 4324 4329 4332 4346 4361 4367 4371 4376 4386 4393 4397 4398 4400 4408 4410 4416 4417 4420 4424 4425 4426 4430 4435 4439 4443 4449 4457 4463 4466 4469 4472 4474 4475 4479 4481 4482 4496 4497 4501 4506 4513 4516 4517 4520 4525 4526 4529 4532 4536 4538 4542 4543 4547 4557 4560 4566 4569 4570 4572 4580 4582 4586 4588 4590 4592 4597 4598 4603 4612 4619 4623 4625 4627 4630 4648 4651 4658 4659 4662 4670 4674 4690 4691 4699 4702 4703 4705 4709 4711 4719 4720 4725 4727 4728 4735 4744 4746 4748 4750 4758 4759 4763 4777 4778 4780 4785 4789 4792 4794 4797 4808 4812 4814 4815 4820 4821 4822 4825 4834 4846 4856 4857 4865 4878 4886 4894 4900 4904 4931 4935 4942 4946 4949 4950 4955 4960 4964 4975 4979 4980 4999 5003 5007 5010 5019 5033 5044 5047 5053 5061 5062 5069 5076 5081 5082 5088 5090 5096 5102 5109 5130 5131 5133 5134 5137 5140 5142 5153 5159 5167 5186 5187 5191 5193 5194 5198 5204 5205 5206 5215 5218 5221 5241 5247 5248 5256 5259 5261 5262 5267 5272 5276 5277 5281 5282 5286 5288 5291 5292 5293 5297 5298 5301 5309 5321 5322 5335 5342 5343 5350 5351 5354 5356 5357 5358 5360 5367 5370 5378 5382 5383 5387 5390 5393 5399 5405 5408 5409 5410 5411 5416 5420 5421 5424 5436 5438 5439 5447 5449 5451 5452 5456 5461 5470 5477 5478 5484 5486 5488 5494 5500 5502 5504 5506 5524 5527 5531 5542 5552 5569 5572 5577 5580 5582 5587 5593 5601 5611 5614 5615 5621 5628 5637 5644 5647 5651 5652 5662 5663 5665 5669 5679 5696 5697 5700 5704 5708 5724 5731 5733 5738 5741 5744 5745 5749 5750 5752 5755 5761 5768 5770 5772 5775 5778 5782 5784 5785 5791 5792 5797 5799 5800 5808 5812 5823 5824 5826 5833 5837 5848 5849 5854 5861 5877 5883 5896 5904 5907 5909 5917 5919 5924 5930 5931 5941 5947 5953 5958 5959 5965 5977 5978 5982 5985 5987 5988 5989 5993 6003 6018 6019 6022 6034 6044 6056 6058 6062 6063 6067 6071 6073 6076 6078 6080 6081 6086 6090 6092 6094 6095 6099 6100 6104 6111 6112 6119 6120 6124 6134 6142 6151 6152 6160 6170 6171 6172 6177 6181 6189 6195 6196 6199 6200 6203 6204 6205 6216 6223 6229 6236 6242 6244 6245 6246 6247 6248 6249 6252 6254 6261 6264 6266 6271 6293 6302 6307 6317 6331 6336 6337 6341 6342 6344 6346 6352 6359 6364 6365 6371 6379 6388 6389 6392 6393 6395 6406 6415 6420 6424 6425 6431 6433 6438 6448 6451 6464 6469 6475 6479 6496 6497 6502 6505 6507 6510 6519 6520 6523 6524 6530 6535 6536 6542 6543 6548 6551 6557 6561 6566 6576 6578 6579 6580 6581 6583 6589 6601 6606 6611 6612 6617 6618 6625 6638 6639 6641 6655 6659 6660 6667 6673 6676 6686 6692 6695 6702 6704 6709 6716 6717 6718 6723 6730 6732 6734 6738 6742 6750 6752 6756 6760 6764 6778 6781 6788 6792 6798 6800 6811 6813 6815 6821 6822 6823 6826 6827 6829 6849 6851 6860 6863 6866 6870 6883 6887 6895 6897 6900 6901 6904 6907 6909 6912 6913 6918 6920 6922 6928 6940 6941 6950 6960 6966 6968 6970 6977 6987 6994 6998 7004 7006 7010 7015 7022 7032 7036 7040 7042 7043 7049 7051 7057 7069 7072 7084 7085 7088 7092 7099 7104 7110 7116 7122 7125 7134 7135 7154 7155 7157 7160 7163 7167 7168 7172 7174 7177 7182 7183 7190 7194 7200 7208 7209 7224 7227 7228 7233 7238 7243 7244 7257 7259 7260 7263 7276 7279 7284 7289 7291 7297 7298 7301 7306 7307 7314 7315 7316 7319 7321 7330 7331 7336 7341 7344 7345 7346 7359 7362 7367 7372 7373 7375 7381 7384 7391 7392 7394 7400 7401 7402 7405 7409 7421 7425 7426 7436 7441 7447 7448 7453 7454 7462 7463 7468 7469 7471 7473 7474 7475 7477 7482 7486 7487 7496 7512 7514 7519 7522 7528 7534 7539 7540 7543 7546 7551 7562 7578 7582 7584 7585 7586 7590 7598 7603 7604 7606 7607 7618 7621 7622 7625 7626 7627 7630 7641 7648 7652 7662 7668 7669 7675 7677 7679 7680 7684 7685 7689 7692 7699 7725 7726 7729 7731 7735 7738 7741 7743 7745 7746 7748 7749 7754 7756 7763 7764 7772 7774 7777 7786 7793 7794 7795 7796 7798 7799 7802 7806 7807 7812 7813 7814 7825 7830 7832 7837 7838 7849 7859 7863 7873 7874 7877 7887 7895 7897 7905 7910 7913 7916 
----7
cylinder
-0.000753 0.012973 0.021258
-0.999536 -0.012725 -0.027663
0.012706
138
21 30 121 127 299 345 433 493 517 700 729 805 810 1002 1146 1152 1165 1231 1279 1371 1563 1637 1691 1807 1808 1844 1871 1890 2018 2060 2121 2148 2332 2337 2385 2599 2624 2642 2998 3027 3064 3069 3108 3213 3239 3365 3457 3458 3473 3487 3541 3583 3591 3702 3726 3762 3769 3778 3787 3848 3900 3924 3930 3935 3946 3956 3981 4005 4039 4071 4113 4172 4201 4252 4325 4326 4331 4333 4336 4488 4489 4634 4747 4772 4852 4861 4877 4889 4905 4941 4987 5080 5095 5118 5120 5123 5234 5254 5279 5403 5446 5467 5529 5588 5736 5798 5853 6024 6048 6066 6210 6224 6295 6296 6407 6414 6434 6476 6527 6605 6652 6687 6711 6746 6877 7185 7205 7239 7248 7347 7393 7413 7422 7545 7569 7634 7769 7886 
----8
cylinder
-0.663438 0.024897 0.003790
0.037890 0.993915 0.103422
0.007157
158
59 111 135 139 221 253 328 354 367 427 428 531 617 620 650 846 870 903 965 1050 1087 1130 1158 1298 1349 1379 1426 1433 1439 1520 1681 1705 1708 1756 1767 1774 1816 1830 1893 1896 1906 1923 1993 2005 2023 2033 2057 2144 2241 2279 2319 2564 2577 2775 2783 2862 3050 3107 3136 3285 3312 3322 3355 3387 3432 3435 3462 3491 3557 3595 3727 3741 3742 3748 3752 3771 3788 3795 3809 3834 3836 3916 3954 3974 4087 4240 4356 4358 4373 4377 4381 4486 4502 4593 4660 4765 4771 4835 4945 5101 5119 5203 5243 5265 5289 5389 5498 5520 5678 5686 5705 5805 5888 5916 6017 6054 6057 6217 6330 6340 6380 6504 6509 6512 6528 6559 6567 6614 6615 6627 6700 6721 6726 6748 6770 6812 6882 6917 6926 6961 7014 7038 7106 7144 7165 7166 7215 7449 7518 7619 7623 7778 7782 7843 7862 7875 7903 7917 
----9
cylinder
-0.019185 -0.107478 0.015384
-0.984738 0.171744 -0.028196
0.010142
83
277 424 490 622 656 721 759 769 833 1053 1063 1163 1223 1504 1587 1611 1714 1745 1877 1885 1960 2170 2254 2471 2615 2651 2725 2879 2901 3020 3114 3215 3300 3669 3710 3781 3816 3871 3896 4004 4063 4081 4089 4100 4261 4285 4301 4328 4484 4591 4639 4819 4824 4970 5027 5208 5260 5475 5578 5871 5884 5950 6256 6355 6492 6531 6541 6675 6855 6929 6936 6964 7020 7060 7062 7087 7096 7114 7151 7371 7459 7525 7659 
